;;

;; LOG

1 ; record-start
0 ; record-end 

etwas ; *record-kiste* to fun
etwas ; *record-kiste* to reset

;;;;;;;;;

(54.5 86.0 51623607)(116.5 85.5 51722257 51722257)(109.0 100.5 139.5 103.0 0.614 51724072 51724686)(104.5 69.5 52057805 52057805)
(104.5 69.5 52058481 52058481)
(104.5 69.5 52059197 52059197)
(104.5 69.5 52059865 52059865)
(143.5 69.5 52060437 52060437)
(134.5 61.5 194.0 62.0 0.462 NIL NIL)
(147.5 61.5 195.0 61.5 0.511 NIL NIL)
(157.5 61.0 52063817 52063817)
(121.0 58.5 52066366 52066366)
(158.5 58.0 52084278 52084278)
(144.5 73.5 52085781 52085781)
(144.5 73.5 177.5 31.5 0.539 NIL NIL)
(177.5 31.5 220.5 57.5 0.461 NIL NIL)
(38.0 96.5 52269277 52269277)
(38.0 96.5 52270128 52270128)
(38.0 96.5 52270788 52270788)
(38.0 96.5 52271407 52271407)
(38.0 95.5 52272244 52272244)
(146.0 89.0 52364821 52364821)
(146.0 89.0 52365540 52365540)
(159.5 90.0 52366329 52366329)
(159.5 86.5 52367044 52367044)
(159.5 86.5 52367696 52367696)
(163.0 78.5 52370500 52370500)
(163.0 78.5 52371123 52371123)
(160.5 81.5 52372093 52372093)
(162.0 72.5 52373215 52373215)
(165.0 57.5 52373972 52373972)
(166.0 56.0 52374721 52374721)
(166.0 56.0 52375685 52375685)
(166.0 56.0 52376958 52376958)
(166.0 56.0 52377491 52377491)
(166.0 56.0 52378024 52378024)
(166.0 56.0 52378532 52378532)
(166.0 56.0 52379089 52379089)
(166.0 56.0 52380224 52380224)
(166.0 56.0 52380868 52380868)
(166.0 56.0 52381512 52381512)
(166.0 56.0 52382116 52382116)
(166.0 56.0 52382737 52382737)
(166.0 56.0 52383311 52383311)
(166.0 56.0 52383864 52383864)
(166.0 56.0 52384809 52384809)
(166.0 56.0 52385401 52385401)
(166.0 56.0 52385980 52385980)
(166.0 56.0 52386585 52386585)
(166.0 56.0 52387078 52387078)
(166.0 56.0 52387876 52387876)
(166.0 56.0 52388641 52388641)
(166.0 56.0 52389247 52389247)
(166.0 56.0 52390344 52390344)
(166.0 56.0 52390981 52390981)
(166.0 56.0 52391552 52391552)
(166.0 56.0 52392120 52392120)
(96.5 97.0 167.5 74.0 -0.478 52525078 52525556)
(218.0 18.0 52537723 52537723)
(193.5 100.5 52593666 52593666)
(193.5 74.5 2.6297246e7 2.6297576e7 468 103 -0.661)
(83.5 62.0 52724525 52724525)
(97.5 81.5 52749516 52749905)
(94.5 82.0 52751037 52751369)
(76.5 84.0 52778496 52778791 164.0 84.0)
(67.0 98.0 52780926 52781214 129.0 100.5)
(2.6421848e7 2.6421848e7 124 124)
(2.6422234e7 2.6422356e7 117 164 89.5 82.0)
(52883787 52884121 28.5 84.5 53.0 84.5)
(52885111 52885424 132.5 74.0 168.0 74.0)
(2.644299e7 2.644299e7 336 336)
(52967699 52967699 187.5 49.0)
(52968446 52968814 187.5 49.0 213.5 54.5)
(52970794 52970794 212.0 42.0)
(52971383 52971782 195.0 35.0 224.5 51.0)
(52973472 52973472 213.0 35.5)
(52973910 52974274 189.0 31.5 236.0 56.5)
(52986638 52987443 164.5 95.5 42.5 37.5)
(54405596 54405897 119.0 56.0 178.0 56.0 301)
(54427943 54428263 197.0 81.5 236.5 81.5 8/25)
(54433370 54436631 52.5 53.0 198.0 48.5 3.261)
(54470020 54470020 80.0 82.5)
j
(54684605 54684605 0.5 35.0)
(60694939 60694939 184.0 65.0)
(60695714 60696221 162.5 49.5 166.0 94.5 0.507)
(60696874 60696874 166.0 94.5)
(60697487 60697487 166.0 94.5)
(60698124 60698663 170.5 55.5 171.0 100.0 0.539)
(60699367 60699367 171.0 81.0)
(60700044 60700458 171.0 80.5 171.0 104.5 0.414)
(60701014 60701014 171.0 104.5)
(60727316 60727316 237.5 80.5)
(60728158 60728158 231.5 64.5)
(60728828 60728828 153.5 74.0)
(60729282 60729718 138.5 74.5 138.5 137.0 0.436)
(60730347 60730911 172.5 104.5 193.0 57.5 0.564)
(60731648 60731648 265.0 56.5)
(60732125 60732507 265.0 56.0 164.0 59.5 0.382)
(61803837 61803837 218.5 111.5)
(61804660 61805026 218.0 99.5 164.5 99.5 0.366)
(61805934 61805934 117.0 98.0)
(61811211 61811678 134.5 86.5 202.5 79.5 0.467)
(61812562 61812562 210.5 65.5)
(61813177 61813667 240.0 37.5 217.5 96.0 0.49)
(61814596 61814596 173.5 82.0)
(62116682 62116682 11.5 3.5)
(62117741 62117741 202.0 135.0)
(62121718 62121718 14.0 11.5)
(62122721 62122721 244.0 138.0)
(63469273 63469273 216.5 22.0)
(63470490 63470490 219.5 123.0)
(63471934 63472484 74.0 31.0 74.5 135.0 0.55)
(63473001 63473582 58.5 86.5 202.0 78.5 0.581)
(63474227 63474227 202.0 78.5)
(63474769 63475325 203.0 34.0 204.0 120.0 0.556)
(63934592 63934592 101.5 109.0)
(63936087 63936087 217.5 81.0)
(63937511 63937511 218.5 96.5)
(64051392 64051392 19.0 111.5)
(64052728 64052728 53.0 120.5)
(64054773 64054773 127.5 126.0)
(64055863 64055863 192.5 69.0)





(65532372 65532372 160.0 34.5)
(65532890 65532890 160.0 45.5)
(65533504 65533504 161.5 59.0)
(65534084 65534084 162.5 80.5)
(65534521 65535023 162.5 80.5 162.5 125.0 0.502)
